# FIR speech BPF N=1023 Fs=48 kHz reject 150 Hz pass 300-3000 Hz reject 3300 Hz
 3.815161589026332E-05
 4.473526494464554E-05
 6.601219773331914E-05
 8.912027654444938E-05
 1.118352709641612E-04
 1.314358533933535E-04
 1.450288148535863E-04
 1.499274822597836E-04
 1.441043256326442E-04
 1.265290848197892E-04
 9.745428888699780E-05
 5.853699093042342E-05
 1.285336709735051E-05
-3.539942477951191E-05
-8.137349276059632E-05
-1.201909735418130E-04
-1.475135175153039E-04
-1.602584136894989E-04
-1.571135760057631E-04
-1.387863138365045E-04
-1.079810235155399E-04
-6.935098721730540E-05
-2.857179342147661E-05
 8.089766063319364E-06
 3.489265689889119E-05
 4.740493527515444E-05
 4.323064949633045E-05
 2.248165142805103E-05
-1.218329112961751E-05
-5.581907174178670E-05
-1.019062904901744E-04
-1.432936212849419E-04
-1.733135987926197E-04
-1.868421692082977E-04
-1.812119473793551E-04
-1.567389565545763E-04
-1.167927278785094E-04
-6.740337449605125E-05
-1.641589337325123E-05
 2.772982639111686E-05
 5.732575255005709E-05
 6.666277993563538E-05
 5.311885034131900E-05
 1.766083238401316E-05
-3.508627794572801E-05
-9.744929270979006E-05
-1.598179686087428E-04
-2.121087846726781E-04
-2.454343302711073E-04
-2.535801299039643E-04
-2.341851261854785E-04
-1.892898844242701E-04
-1.252259244232605E-04
-5.175004241692839E-05
 1.937723066442668E-05
 7.625361752903003E-05
 1.087876006838896E-04
 1.104480581943778E-04
 7.949798416471472E-05
 1.952503042115745E-05
-6.092673236502184E-05
-1.495325528849343E-04
-2.320425898882507E-04
-2.945667444488721E-04
-3.258698207672263E-04
-3.193574332194703E-04
-2.743741580770803E-04
-1.965594583415924E-04
-9.722040099159915E-05
 8.323092099022161E-06
 1.030688436416763E-04
 1.710944296282834E-04
 2.002202580767261E-04
 1.842090675888283E-04
 1.240305996097654E-04
 2.802627364404476E-05
-8.916852287738677E-05
-2.087776841337506E-04
-3.108297756114327E-04
-3.774010143161197E-04
-3.956871279971975E-04
-3.603218046238067E-04
-2.745776782930688E-04
-1.501745107990627E-04
-5.677492772055226E-06
 1.363014259074415E-04
 2.526870863035275E-04
 3.237584169412533E-04
 3.365295769181459E-04
 2.871943392536666E-04
 1.820927274217365E-04
 3.707509691156262E-05
-1.247747301628319E-04
-2.766696331162867E-04
-3.924388009758741E-04
-4.508758159700554E-04
-4.394549623809246E-04
-3.567302454293792E-04
-2.129996169934168E-04
-2.902514653325003E-05
 1.670090790921541E-04
 3.439104349140817E-04
 4.725308268055832E-04
 5.306847422937068E-04
 5.070780462020797E-04
 4.035762917061620E-04
 2.353656813840495E-04
 2.891637026670241E-05
-1.820236140532697E-04
-3.617516790684998E-04
-4.784864469364022E-04
-5.097631366665358E-04
-4.465022971683442E-04
-2.949663605606674E-04
-7.626613367156834E-05
 1.766455511339961E-04
 4.240282108910593E-04
 6.257248643935666E-04
 7.478057087495836E-04
 7.684151254712607E-04
 6.817934114517840E-04
 4.997761388467955E-04
 2.504006098738251E-04
-2.620643931746875E-05
-2.841013151140050E-04
-4.789579924018441E-04
-5.754812467375599E-04
-5.535533853501571E-04
-4.120717755220983E-04
-1.697263746068667E-04
 1.374578814950692E-04
 4.615653980084440E-04
 7.503561213116850E-04
 9.558129740408526E-04
 1.042230755023641E-03
 9.925335996421284E-04
 8.116745106324892E-04
 5.264935327240801E-04
 1.819239184308152E-04
-1.659140585932045E-04
-4.586971910140813E-04
-6.455104405152748E-04
-6.915295222800066E-04
-5.842738380609365E-04
-3.363485319751366E-04
 1.591094176328768E-05
 4.177712934679631E-04
 8.046513506404820E-04
 1.112548913817761E-03
 1.288689524401650E-03
 1.300597792807194E-03
 1.142078292397183E-03
 8.349813344881157E-04
 4.263796156738120E-04
-1.854407697169606E-05
-4.268012879595352E-04
-7.295021899894797E-04
-8.734001192123955E-04
-8.301674616780341E-04
-6.017816731634238E-04
-2.210308277902489E-04
 2.530900689122972E-04
 7.444534520389023E-04
 1.171977038570678E-03
 1.462940654724478E-03
 1.565282302994555E-03
 1.456786000484987E-03
 1.149560769933136E-03
 6.889319367418235E-04
 1.467959841164174E-04
-3.896248099745260E-04
-8.318514231580813E-04
-1.104806917712000E-03
-1.159612635660617E-03
-9.823777322137892E-04
-5.973907341154756E-04
-6.406317596230361E-05
 5.320455508961349E-04
 1.092764015513266E-03
 1.523284311673269E-03
 1.747975514133104E-03
 1.723408651038642E-03
 1.446353799101219E-03
 9.553077447789746E-04
 3.251215895677246E-04
-3.445290348727844E-04
-9.450813023131053E-04
-1.376879055947497E-03
-1.565920278168067E-03
-1.476740854554454E-03
-1.119216592092480E-03
-5.479898912292877E-04
 1.455356521308316E-04
 8.475034736259550E-04
 1.439961360956439E-03
 1.820336178349219E-03
 1.918798736693466E-03
 1.710602261516838E-03
 1.221215275037388E-03
 5.232434311361522E-04
-2.745434215478330E-04
-1.044432624992589E-03
-1.660522765680289E-03
-2.019637150963273E-03
-2.058940294387638E-03
-1.767243473491727E-03
-1.187997467712171E-03
-4.132804155520857E-04
 4.304091264491419E-04
 1.202383657026059E-03
 1.770784468664533E-03
 2.034638796765469E-03
 1.941256844501476E-03
 1.496002318045412E-03
 7.626301634980485E-04
-1.460446191271019E-04
-1.085819400993985E-03
-1.904345426043791E-03
-2.466211639675479E-03
-2.675734408943588E-03
-2.493632524756513E-03
-1.944690075688779E-03
-1.114953368276722E-03
-1.387084643103573E-04
 8.227982566829911E-04
 1.607546257350254E-03
 2.079573441764350E-03
 2.152030602821312E-03
 1.802545511348279E-03
 1.078206433808168E-03
 8.912317127132738E-05
-1.008579028861136E-03
-2.037733528866326E-03
-2.829068384395822E-03
-3.249402671169094E-03
-3.224393228629179E-03
-2.751971728551241E-03
-1.904051408857838E-03
-8.160120714152446E-04
 3.345373604369069E-04
 1.356388132666465E-03
 2.076151240072925E-03
 2.367305226878119E-03
 2.172017946637458E-03
 1.511982933353173E-03
 4.862844873865778E-04
-7.436059546358957E-04
-1.979433048907540E-03
-3.018323738568980E-03
-3.686288931653547E-03
-3.867544250576314E-03
-3.524703998564559E-03
-2.706354286229855E-03
-1.540509937807339E-03
-2.148119535394018E-04
 1.053504261571485E-03
 2.053053788576587E-03
 2.613397023792823E-03
 2.633948322886790E-03
 2.101818309010152E-03
 1.095432501841236E-03
-2.269038511404235E-04
-1.651862228526549E-03
-2.945468672395189E-03
-3.891476857959506E-03
-4.327435505803007E-03
-4.172453275783778E-03
-3.441909403700977E-03
-2.246479017956453E-03
-7.753620607613588E-04
 7.337475737363402E-04
 2.033207462889555E-03
 2.906226198259843E-03
 3.203215906657612E-03
 2.867588983153285E-03
 1.946582373401188E-03
 5.850638108457102E-04
-9.969026039775061E-04
-2.539287394423825E-03
-3.784473201374235E-03
-4.519890238635479E-03
-4.613844667644735E-03
-4.038518821618417E-03
-2.876132910258890E-03
-1.307005981141637E-03
 4.187912085095157E-04
 2.021731161108898E-03
 3.238600837736558E-03
 3.866237704595742E-03
 3.795986061031098E-03
 3.033020960811933E-03
 1.697140233037476E-03
 4.610393110711012E-06
-1.766184911331066E-03
-3.319863944080757E-03
-4.392604585531501E-03
-4.796179916527766E-03
-4.450108142357885E-03
-3.396453967215570E-03
-1.794575919907890E-03
 1.035722581765443E-04
 1.993785561662058E-03
 3.569127930085774E-03
 4.570581454445357E-03
 4.830456596613083E-03
 4.301304523512696E-03
 3.065345886216263E-03
 1.322616901902958E-03
-6.405102339511583E-04
-2.497467690653435E-03
-3.934881818200706E-03
-4.704468514294158E-03
-4.664859739298993E-03
-3.806305073086346E-03
-2.253969311781000E-03
-2.489897296171473E-04
 1.889839220658401E-03
 3.817689599630159E-03
 5.220254809452287E-03
 5.865977353227391E-03
 5.645256486525466E-03
 4.590019909149724E-03
 2.870173795205475E-03
 7.672518573463965E-04
-1.370675720598138E-03
-3.185603425752218E-03
-4.368512085589515E-03
-4.710899252990585E-03
-4.140348957819837E-03
-2.734064171851652E-03
-7.078945076570572E-04
 1.617633591969501E-03
 3.868926806732471E-03
 5.680282598889350E-03
 6.754229104158360E-03
 6.911309303043456E-03
 6.120962726384916E-03
 4.508222320002358E-03
 2.334835321550927E-03
-4.234292744599923E-05
-2.229089824246201E-03
-3.858333382925963E-03
-4.650903989116415E-03
-4.462452785750921E-03
-3.308672915703339E-03
-1.364425065896177E-03
 1.063350111421368E-03
 3.584760516074515E-03
 5.790251058041589E-03
 7.317795906742842E-03
 7.912948813551068E-03
 7.471811146269013E-03
 6.059651185032514E-03
 3.901882550386585E-03
 1.348592442921231E-03
-1.181787093212367E-03
-3.270619307804244E-03
-4.567898501206267E-03
-4.850481291490672E-03
-4.060013039608013E-03
-2.314131903676483E-03
 1.111634224276361E-04
 2.825340171410665E-03
 5.386408256504454E-03
 7.373041783232087E-03
 8.453986377121111E-03
 8.443305410671818E-03
 7.332269474618647E-03
 5.292419245095169E-03
 2.649056421619607E-03
-1.707678157361262E-04
-2.707430572349578E-03
-4.543890685151456E-03
-5.374510454037160E-03
-5.056207023600519E-03
-3.633365728626224E-03
-1.332216857973511E-03
 1.474680522686031E-03
 4.328255461147467E-03
 6.757450533799861E-03
 8.356337495417596E-03
 8.851211288584689E-03
 8.146561322463613E-03
 6.342224530823020E-03
 3.718658772693221E-03
 6.925063040147600E-04
-2.250521622139629E-03
-4.634609469074803E-03
-6.071824014820082E-03
-6.326324984225402E-03
-5.354195800052322E-03
-3.312165092413373E-03
-5.335717307072034E-04
 2.524761138815239E-03
 5.356253830939538E-03
 7.487008986893096E-03
 8.553527452632019E-03
 8.362974942818692E-03
 6.926001661832215E-03
 4.456566940528365E-03
 1.338543294509915E-03
-1.935668651767384E-03
-4.844703108331855E-03
-6.923092690390419E-03
-7.837631283984330E-03
-7.442701132973975E-03
-5.805404629272163E-03
-3.196180985298620E-03
-4.621579806903927E-05
 3.121654059310950E-03
 5.777441955626085E-03
 7.470274613643009E-03
 7.902360550882153E-03
 6.978558755405943E-03
 4.823303787579782E-03
 1.761936882555862E-03
-1.730765329335901E-03
-5.106690781870713E-03
-7.832925840622191E-03
-9.478402834774659E-03
-9.784593425574022E-03
-8.708658478754017E-03
-6.431896422914036E-03
-3.331891835732998E-03
 7.732856638384225E-05
 3.227643470730555E-03
 5.588473070638764E-03
 6.752937655885593E-03
 6.504551401502981E-03
 4.853563397894460E-03
 2.036876705849246E-03
-1.518638377850215E-03
-5.263746657531914E-03
-8.614618813611516E-03
-1.104675031633752E-02
-1.217991185547284E-02
-1.184041213172154E-02
-1.009050624610367E-02
-7.220047079298466E-03
-3.701490596376260E-03
-1.152878172582149E-04
 2.942546017291941E-03
 4.955950491586841E-03
 5.572154852114614E-03
 4.659405486564159E-03
 2.329722152996924E-03
-1.077165227290058E-03
-5.046341700508727E-03
-8.968538983844625E-03
-1.223654528086739E-02
-1.434195591122650E-02
-1.495687267028761E-02
-1.398751395472315E-02
-1.159105401762997E-02
-8.152828312752741E-03
-4.227259947218178E-03
-4.516348335206920E-04
 2.553857841633683E-03
 4.284153234329763E-03
 4.430004911908344E-03
 2.928564009540651E-03
-2.425108087668828E-05
-4.001785904641053E-03
-8.410957719842656E-03
-1.258308410929537E-02
-1.587729182089986E-02
-1.778058600300111E-02
-1.798907765153603E-02
-1.645772853655730E-02
-1.341072275402696E-02
-9.310592226569559E-03
-4.790476051193631E-03
-5.595498856770337E-04
 2.704268349001697E-03
 4.458211170438039E-03
 4.379502502161262E-03
 2.418242198506524E-03
-1.189841973728313E-03
-5.953077045094134E-03
-1.119199824518856E-02
-1.613639186933642E-02
-2.003737339088756E-02
-2.227844521730838E-02
-2.246952667962364E-02
-2.051033158916881E-02
-1.661370695791054E-02
-1.128513119086328E-02
-5.260587569852170E-03
 5.892434008793351E-04
 5.375987373254541E-03
 8.316413015341594E-03
 8.844991704489907E-03
 6.701380089648717E-03
 1.981300152593748E-03
-4.856089464015510E-03
-1.302575798480255E-02
-2.149525441223819E-02
-2.909506737225104E-02
-3.464823883695704E-02
-3.710442873219823E-02
-3.566330996400302E-02
-2.987352547439657E-02
-1.969634666979373E-02
-5.527117536438178E-03
 1.182781336554796E-02
 3.121631793769773E-02
 5.124119941364375E-02
 7.038627043558286E-02
 8.715527782318191E-02
 1.002100950739587E-01
 1.084948096578708E-01
 1.113338481610057E-01
 1.084948096578708E-01
 1.002100950739587E-01
 8.715527782318191E-02
 7.038627043558286E-02
 5.124119941364375E-02
 3.121631793769773E-02
 1.182781336554796E-02
-5.527117536438178E-03
-1.969634666979373E-02
-2.987352547439657E-02
-3.566330996400302E-02
-3.710442873219823E-02
-3.464823883695704E-02
-2.909506737225104E-02
-2.149525441223819E-02
-1.302575798480255E-02
-4.856089464015510E-03
 1.981300152593748E-03
 6.701380089648717E-03
 8.844991704489907E-03
 8.316413015341594E-03
 5.375987373254541E-03
 5.892434008793351E-04
-5.260587569852170E-03
-1.128513119086328E-02
-1.661370695791054E-02
-2.051033158916881E-02
-2.246952667962364E-02
-2.227844521730838E-02
-2.003737339088756E-02
-1.613639186933642E-02
-1.119199824518856E-02
-5.953077045094134E-03
-1.189841973728313E-03
 2.418242198506524E-03
 4.379502502161262E-03
 4.458211170438039E-03
 2.704268349001697E-03
-5.595498856770337E-04
-4.790476051193631E-03
-9.310592226569559E-03
-1.341072275402696E-02
-1.645772853655730E-02
-1.798907765153603E-02
-1.778058600300111E-02
-1.587729182089986E-02
-1.258308410929537E-02
-8.410957719842656E-03
-4.001785904641053E-03
-2.425108087668828E-05
 2.928564009540651E-03
 4.430004911908344E-03
 4.284153234329763E-03
 2.553857841633683E-03
-4.516348335206920E-04
-4.227259947218178E-03
-8.152828312752741E-03
-1.159105401762997E-02
-1.398751395472315E-02
-1.495687267028761E-02
-1.434195591122650E-02
-1.223654528086739E-02
-8.968538983844625E-03
-5.046341700508727E-03
-1.077165227290058E-03
 2.329722152996924E-03
 4.659405486564159E-03
 5.572154852114614E-03
 4.955950491586841E-03
 2.942546017291941E-03
-1.152878172582149E-04
-3.701490596376260E-03
-7.220047079298466E-03
-1.009050624610367E-02
-1.184041213172154E-02
-1.217991185547284E-02
-1.104675031633752E-02
-8.614618813611516E-03
-5.263746657531914E-03
-1.518638377850215E-03
 2.036876705849246E-03
 4.853563397894460E-03
 6.504551401502981E-03
 6.752937655885593E-03
 5.588473070638764E-03
 3.227643470730555E-03
 7.732856638384225E-05
-3.331891835732998E-03
-6.431896422914036E-03
-8.708658478754017E-03
-9.784593425574022E-03
-9.478402834774659E-03
-7.832925840622191E-03
-5.106690781870713E-03
-1.730765329335901E-03
 1.761936882555862E-03
 4.823303787579782E-03
 6.978558755405943E-03
 7.902360550882153E-03
 7.470274613643009E-03
 5.777441955626085E-03
 3.121654059310950E-03
-4.621579806903927E-05
-3.196180985298620E-03
-5.805404629272163E-03
-7.442701132973975E-03
-7.837631283984330E-03
-6.923092690390419E-03
-4.844703108331855E-03
-1.935668651767384E-03
 1.338543294509915E-03
 4.456566940528365E-03
 6.926001661832215E-03
 8.362974942818692E-03
 8.553527452632019E-03
 7.487008986893096E-03
 5.356253830939538E-03
 2.524761138815239E-03
-5.335717307072034E-04
-3.312165092413373E-03
-5.354195800052322E-03
-6.326324984225402E-03
-6.071824014820082E-03
-4.634609469074803E-03
-2.250521622139629E-03
 6.925063040147600E-04
 3.718658772693221E-03
 6.342224530823020E-03
 8.146561322463613E-03
 8.851211288584689E-03
 8.356337495417596E-03
 6.757450533799861E-03
 4.328255461147467E-03
 1.474680522686031E-03
-1.332216857973511E-03
-3.633365728626224E-03
-5.056207023600519E-03
-5.374510454037160E-03
-4.543890685151456E-03
-2.707430572349578E-03
-1.707678157361262E-04
 2.649056421619607E-03
 5.292419245095169E-03
 7.332269474618647E-03
 8.443305410671818E-03
 8.453986377121111E-03
 7.373041783232087E-03
 5.386408256504454E-03
 2.825340171410665E-03
 1.111634224276361E-04
-2.314131903676483E-03
-4.060013039608013E-03
-4.850481291490672E-03
-4.567898501206267E-03
-3.270619307804244E-03
-1.181787093212367E-03
 1.348592442921231E-03
 3.901882550386585E-03
 6.059651185032514E-03
 7.471811146269013E-03
 7.912948813551068E-03
 7.317795906742842E-03
 5.790251058041589E-03
 3.584760516074515E-03
 1.063350111421368E-03
-1.364425065896177E-03
-3.308672915703339E-03
-4.462452785750921E-03
-4.650903989116415E-03
-3.858333382925963E-03
-2.229089824246201E-03
-4.234292744599923E-05
 2.334835321550927E-03
 4.508222320002358E-03
 6.120962726384916E-03
 6.911309303043456E-03
 6.754229104158360E-03
 5.680282598889350E-03
 3.868926806732471E-03
 1.617633591969501E-03
-7.078945076570572E-04
-2.734064171851652E-03
-4.140348957819837E-03
-4.710899252990585E-03
-4.368512085589515E-03
-3.185603425752218E-03
-1.370675720598138E-03
 7.672518573463965E-04
 2.870173795205475E-03
 4.590019909149724E-03
 5.645256486525466E-03
 5.865977353227391E-03
 5.220254809452287E-03
 3.817689599630159E-03
 1.889839220658401E-03
-2.489897296171473E-04
-2.253969311781000E-03
-3.806305073086346E-03
-4.664859739298993E-03
-4.704468514294158E-03
-3.934881818200706E-03
-2.497467690653435E-03
-6.405102339511583E-04
 1.322616901902958E-03
 3.065345886216263E-03
 4.301304523512696E-03
 4.830456596613083E-03
 4.570581454445357E-03
 3.569127930085774E-03
 1.993785561662058E-03
 1.035722581765443E-04
-1.794575919907890E-03
-3.396453967215570E-03
-4.450108142357885E-03
-4.796179916527766E-03
-4.392604585531501E-03
-3.319863944080757E-03
-1.766184911331066E-03
 4.610393110711012E-06
 1.697140233037476E-03
 3.033020960811933E-03
 3.795986061031098E-03
 3.866237704595742E-03
 3.238600837736558E-03
 2.021731161108898E-03
 4.187912085095157E-04
-1.307005981141637E-03
-2.876132910258890E-03
-4.038518821618417E-03
-4.613844667644735E-03
-4.519890238635479E-03
-3.784473201374235E-03
-2.539287394423825E-03
-9.969026039775061E-04
 5.850638108457102E-04
 1.946582373401188E-03
 2.867588983153285E-03
 3.203215906657612E-03
 2.906226198259843E-03
 2.033207462889555E-03
 7.337475737363402E-04
-7.753620607613588E-04
-2.246479017956453E-03
-3.441909403700977E-03
-4.172453275783778E-03
-4.327435505803007E-03
-3.891476857959506E-03
-2.945468672395189E-03
-1.651862228526549E-03
-2.269038511404235E-04
 1.095432501841236E-03
 2.101818309010152E-03
 2.633948322886790E-03
 2.613397023792823E-03
 2.053053788576587E-03
 1.053504261571485E-03
-2.148119535394018E-04
-1.540509937807339E-03
-2.706354286229855E-03
-3.524703998564559E-03
-3.867544250576314E-03
-3.686288931653547E-03
-3.018323738568980E-03
-1.979433048907540E-03
-7.436059546358957E-04
 4.862844873865778E-04
 1.511982933353173E-03
 2.172017946637458E-03
 2.367305226878119E-03
 2.076151240072925E-03
 1.356388132666465E-03
 3.345373604369069E-04
-8.160120714152446E-04
-1.904051408857838E-03
-2.751971728551241E-03
-3.224393228629179E-03
-3.249402671169094E-03
-2.829068384395822E-03
-2.037733528866326E-03
-1.008579028861136E-03
 8.912317127132738E-05
 1.078206433808168E-03
 1.802545511348279E-03
 2.152030602821312E-03
 2.079573441764350E-03
 1.607546257350254E-03
 8.227982566829911E-04
-1.387084643103573E-04
-1.114953368276722E-03
-1.944690075688779E-03
-2.493632524756513E-03
-2.675734408943588E-03
-2.466211639675479E-03
-1.904345426043791E-03
-1.085819400993985E-03
-1.460446191271019E-04
 7.626301634980485E-04
 1.496002318045412E-03
 1.941256844501476E-03
 2.034638796765469E-03
 1.770784468664533E-03
 1.202383657026059E-03
 4.304091264491419E-04
-4.132804155520857E-04
-1.187997467712171E-03
-1.767243473491727E-03
-2.058940294387638E-03
-2.019637150963273E-03
-1.660522765680289E-03
-1.044432624992589E-03
-2.745434215478330E-04
 5.232434311361522E-04
 1.221215275037388E-03
 1.710602261516838E-03
 1.918798736693466E-03
 1.820336178349219E-03
 1.439961360956439E-03
 8.475034736259550E-04
 1.455356521308316E-04
-5.479898912292877E-04
-1.119216592092480E-03
-1.476740854554454E-03
-1.565920278168067E-03
-1.376879055947497E-03
-9.450813023131053E-04
-3.445290348727844E-04
 3.251215895677246E-04
 9.553077447789746E-04
 1.446353799101219E-03
 1.723408651038642E-03
 1.747975514133104E-03
 1.523284311673269E-03
 1.092764015513266E-03
 5.320455508961349E-04
-6.406317596230361E-05
-5.973907341154756E-04
-9.823777322137892E-04
-1.159612635660617E-03
-1.104806917712000E-03
-8.318514231580813E-04
-3.896248099745260E-04
 1.467959841164174E-04
 6.889319367418235E-04
 1.149560769933136E-03
 1.456786000484987E-03
 1.565282302994555E-03
 1.462940654724478E-03
 1.171977038570678E-03
 7.444534520389023E-04
 2.530900689122972E-04
-2.210308277902489E-04
-6.017816731634238E-04
-8.301674616780341E-04
-8.734001192123955E-04
-7.295021899894797E-04
-4.268012879595352E-04
-1.854407697169606E-05
 4.263796156738120E-04
 8.349813344881157E-04
 1.142078292397183E-03
 1.300597792807194E-03
 1.288689524401650E-03
 1.112548913817761E-03
 8.046513506404820E-04
 4.177712934679631E-04
 1.591094176328768E-05
-3.363485319751366E-04
-5.842738380609365E-04
-6.915295222800066E-04
-6.455104405152748E-04
-4.586971910140813E-04
-1.659140585932045E-04
 1.819239184308152E-04
 5.264935327240801E-04
 8.116745106324892E-04
 9.925335996421284E-04
 1.042230755023641E-03
 9.558129740408526E-04
 7.503561213116850E-04
 4.615653980084440E-04
 1.374578814950692E-04
-1.697263746068667E-04
-4.120717755220983E-04
-5.535533853501571E-04
-5.754812467375599E-04
-4.789579924018441E-04
-2.841013151140050E-04
-2.620643931746875E-05
 2.504006098738251E-04
 4.997761388467955E-04
 6.817934114517840E-04
 7.684151254712607E-04
 7.478057087495836E-04
 6.257248643935666E-04
 4.240282108910593E-04
 1.766455511339961E-04
-7.626613367156834E-05
-2.949663605606674E-04
-4.465022971683442E-04
-5.097631366665358E-04
-4.784864469364022E-04
-3.617516790684998E-04
-1.820236140532697E-04
 2.891637026670241E-05
 2.353656813840495E-04
 4.035762917061620E-04
 5.070780462020797E-04
 5.306847422937068E-04
 4.725308268055832E-04
 3.439104349140817E-04
 1.670090790921541E-04
-2.902514653325003E-05
-2.129996169934168E-04
-3.567302454293792E-04
-4.394549623809246E-04
-4.508758159700554E-04
-3.924388009758741E-04
-2.766696331162867E-04
-1.247747301628319E-04
 3.707509691156262E-05
 1.820927274217365E-04
 2.871943392536666E-04
 3.365295769181459E-04
 3.237584169412533E-04
 2.526870863035275E-04
 1.363014259074415E-04
-5.677492772055226E-06
-1.501745107990627E-04
-2.745776782930688E-04
-3.603218046238067E-04
-3.956871279971975E-04
-3.774010143161197E-04
-3.108297756114327E-04
-2.087776841337506E-04
-8.916852287738677E-05
 2.802627364404476E-05
 1.240305996097654E-04
 1.842090675888283E-04
 2.002202580767261E-04
 1.710944296282834E-04
 1.030688436416763E-04
 8.323092099022161E-06
-9.722040099159915E-05
-1.965594583415924E-04
-2.743741580770803E-04
-3.193574332194703E-04
-3.258698207672263E-04
-2.945667444488721E-04
-2.320425898882507E-04
-1.495325528849343E-04
-6.092673236502184E-05
 1.952503042115745E-05
 7.949798416471472E-05
 1.104480581943778E-04
 1.087876006838896E-04
 7.625361752903003E-05
 1.937723066442668E-05
-5.175004241692839E-05
-1.252259244232605E-04
-1.892898844242701E-04
-2.341851261854785E-04
-2.535801299039643E-04
-2.454343302711073E-04
-2.121087846726781E-04
-1.598179686087428E-04
-9.744929270979006E-05
-3.508627794572801E-05
 1.766083238401316E-05
 5.311885034131900E-05
 6.666277993563538E-05
 5.732575255005709E-05
 2.772982639111686E-05
-1.641589337325123E-05
-6.740337449605125E-05
-1.167927278785094E-04
-1.567389565545763E-04
-1.812119473793551E-04
-1.868421692082977E-04
-1.733135987926197E-04
-1.432936212849419E-04
-1.019062904901744E-04
-5.581907174178670E-05
-1.218329112961751E-05
 2.248165142805103E-05
 4.323064949633045E-05
 4.740493527515444E-05
 3.489265689889119E-05
 8.089766063319364E-06
-2.857179342147661E-05
-6.935098721730540E-05
-1.079810235155399E-04
-1.387863138365045E-04
-1.571135760057631E-04
-1.602584136894989E-04
-1.475135175153039E-04
-1.201909735418130E-04
-8.137349276059632E-05
-3.539942477951191E-05
 1.285336709735051E-05
 5.853699093042342E-05
 9.745428888699780E-05
 1.265290848197892E-04
 1.441043256326442E-04
 1.499274822597836E-04
 1.450288148535863E-04
 1.314358533933535E-04
 1.118352709641612E-04
 8.912027654444938E-05
 6.601219773331914E-05
 4.473526494464554E-05
 3.815161589026332E-05
